[0] ( -33.4, -54.4) => (-0.026, -0.042, +0.482)
[1] ( -92.4, -42.4) => (-0.076, -0.035, +0.508)
[2] ( -82.4, -69.4) => (-0.060, -0.051, +0.453)
n= (-0.003, -0.960, +0.280)
[0] (  +9.6, -90.4) => (+0.007, -0.069, +0.472)
[1] (  -2.4,-181.4) => (-0.002, -0.133, +0.453)
[2] ( -65.4,-120.4) => (-0.045, -0.083, +0.425)
n= (+0.645, +0.131, -0.753)
cosθ= -0.338, θ= +0.610π rad = +109.775 degree
[0] ( -89.4, -42.4) => (-0.074, -0.035, +0.511)
[1] ( -82.4, -62.4) => (-0.062, -0.047, +0.464)
[2] ( -34.4, -49.4) => (-0.027, -0.039, +0.493)
n= (+0.004, -0.970, +0.242)
[0] (  +1.6, -93.4) => (+0.001, -0.070, +0.467)
[1] (  -0.4,-176.4) => (-0.000, -0.130, +0.455)
[2] ( -64.4,-114.4) => (-0.044, -0.079, +0.426)
n= (+0.644, +0.136, -0.753)
cosθ= -0.312, θ= +0.601π rad = +108.184 degree
[0] ( -95.4, -45.4) => (-0.077, -0.037, +0.501)
[1] ( -30.4, -52.4) => (-0.024, -0.041, +0.488)
[2] ( -91.4, -74.4) => (-0.065, -0.053, +0.443)
n= (+0.019, +0.963, -0.268)
[0] ( -64.4,-118.4) => (-0.044, -0.081, +0.426)
[1] (  -5.4,-183.4) => (-0.004, -0.134, +0.453)
[2] ( +10.6, -88.4) => (+0.008, -0.068, +0.474)
n= (-0.651, -0.119, +0.749)
cosθ= -0.327, θ= +0.606π rad = +109.115 degree
[0] ( -89.4, -76.4) => (-0.063, -0.054, +0.438)
[1] ( -24.4, -56.4) => (-0.019, -0.044, +0.481)
[2] ( -90.4, -39.4) => (-0.076, -0.033, +0.519)
n= (-0.019, -0.969, +0.247)
[0] ( -58.4,-109.4) => (-0.041, -0.076, +0.430)
[1] ( -10.4,-173.4) => (-0.008, -0.126, +0.451)
[2] (  +8.6, -90.4) => (+0.007, -0.069, +0.473)
n= (-0.658, -0.125, +0.743)
cosθ= -0.317, θ= +0.603π rad = +108.479 degree
[0] ( -29.4, -53.4) => (-0.023, -0.042, +0.487)
[1] ( -91.4, -39.4) => (-0.076, -0.033, +0.518)
[2] ( -89.4, -70.4) => (-0.065, -0.051, +0.450)
n= (-0.010, -0.966, +0.257)
[0] ( -78.4,-114.4) => (-0.053, -0.077, +0.418)
[1] ( +14.6, -90.4) => (+0.011, -0.069, +0.475)
[2] (  -3.4,-174.4) => (-0.002, -0.128, +0.454)
n= (+0.654, +0.118, -0.747)
cosθ= -0.313, θ= +0.601π rad = +108.210 degree
